4002 49984       130 49452        3964 49596    
4002  11740	 130  4512        3964  11724   
7893 49704	 3797 49752       7804 49244    
7893  22716	 3797  14996      7804  22768   
10511 49572	 7277 49480       10397 49272   
10511  23204	 7277  26108      10397  23024  
13085 49568	 9652 49336       12926 48740   
13085  24876	 9652  26108      12926  24756  
15308 49236	 11867 49428      15098 48640   
15308  28480	 11867  27640     15098  28088  
17328 49344	 13948 49392      17079 48584   
17328  29168	 13948  28516     17079  29408  
19933 49160	 15776 48860      19511 48504   
19933  28648	 15776  32808     19511  29296  
23616 49048	 17382 49072      23024 48124   
23616  18404	 17382  32544     23024  17604  
27150 49180	 19557 48972      26563 48244   
27150  16604	 19557  32800     26563  17140  
30099 49288	 22701 48816      29400 47900   
30099  11824	 22701  20824     29400  13532  
		 26024 49088      32555 48176   
		 26024  20572     32555  9664   
		 28792 48984    
		 28792  17920   
		 31718 49064    
		 31718  13056   









