3999 49984    884 49212         3961 49596  
3999  11872   884  10100        3961  11856 
7869 49684    4352 49528        7771 49104  
7869  22836   4352  17364       7771  22836 
10461 49492   7645 49368        10339 49172 
10461  23372  7645  27880       10339  23180
13010 49452   9801 49140        12851 48624 
13010  25092  9801  28016       12851  25092
15216 49252   11811 49144       14981 48544 
15216  28748  11811  29472      14981  28164
17209 49244   13666 49076       16937 48436 
17209  29448  13666  30568      16937  29780
19702 49188   15300 48572       18945 48512 
19702  29084  15300  33912     18945  32028
23342 49060   16782 49184      22370 48172 
23342  18260  16782  35008     22370  17536
26884 49104   18117 48948      26064 48496 
26884  17160  18117  35656     26064  17528
29755 49000   20116 48916       28945 47868 
29755  12300  20116  33932      28945  14556
	      23108 48516 
	      23108  22872
	      26131 48996 
	      26131  22572
	      28595 48552 
	      28595  20616
	      31286 48956 
	      31286  15940



















